An example header file which will assemble data
BEGIN DATA

N, 1, 0, 0, 0
N, 2, 1, 0, 0
N, 3, 1, 1, 0
N, 4, 0, 1, 0
N, 5, 0, 0, 1
N, 8, 1, 0, 1
N, 6, 1, 1, 1
N, 7, 0, 1, 1

E, Hex8, 10, 1, 2, 3, 4, 5, 8, 6, 7

Q, Hex8, 3, -0.5773502691896258, -0.5773502691896258, -0.5773502691896258, 1.0, 0.5773502691896258, -0.5773502691896258, -0.5773502691896258, 1.0, 0.5773502691896258, 0.5773502691896258, -0.5773502691896258, 1.0, -0.5773502691896258, 0.5773502691896258, -0.5773502691896258, 1.0, -0.5773502691896258, -0.5773502691896258, 0.5773502691896258, 1.0, 0.5773502691896258, -0.5773502691896258, 0.5773502691896258, 1.0, 0.5773502691896258, 0.5773502691896258, 0.5773502691896258, 1.0, -0.5773502691896258, 0.5773502691896258, 0.5773502691896258, 1.0
