An example header file which will assemble data
BEGIN DATA

N,  1, 0.0, 0.0, 0.0
N,  2, 0.5, 0.0, 0.0
N,  3, 1.0, 0.0, 0.0
N,  4, 0.0, 0.5, 0.0
N,  5, 0.5, 0.5, 0.0
N,  6, 1.0, 0.5, 0.0
N,  7, 0.0, 1.0, 0.0
N,  8, 0.5, 1.0, 0.0
N,  9, 1.0, 1.0, 0.0
N, 10, 0.0, 0.0, 0.5
N, 11, 0.5, 0.0, 0.5
N, 12, 1.0, 0.0, 0.5
N, 13, 0.0, 0.5, 0.5
N, 14, 0.5, 0.5, 0.5
N, 15, 1.0, 0.5, 0.5
N, 16, 0.0, 1.0, 0.5
N, 17, 0.5, 1.0, 0.5
N, 18, 1.0, 1.0, 0.5
N, 19, 0.0, 0.0, 1.0
N, 20, 0.5, 0.0, 1.0
N, 21, 1.0, 0.0, 1.0
N, 22, 0.0, 0.5, 1.0
N, 23, 0.5, 0.5, 1.0
N, 24, 1.0, 0.5, 1.0
N, 25, 0.0, 1.0, 1.0
N, 26, 0.5, 1.0, 1.0
N, 27, 1.0, 1.0, 1.0

E, Hex8, 1,  1,  2,  5,  4, 10, 11, 14, 13
E, Hex8, 2, 10, 11, 14, 13, 19, 20, 23, 22
E, Hex8, 3,  2,  3,  6,  5, 11, 12, 15, 14
E, Hex8, 4, 11, 12, 15, 14, 20, 21, 24, 23
E, Hex8, 5,  4,  5,  8,  7, 13, 14, 17, 16
E, Hex8, 6, 13, 14, 17, 16, 22, 23, 26, 25
E, Hex8, 7,  5,  6,  9,  8, 14, 15, 18, 17
E, Hex8, 8, 14, 15, 18, 17, 23, 24, 27, 26


Q, Hex8, 3, -0.5773502691896258, -0.5773502691896258, -0.5773502691896258, 1.0, 0.5773502691896258, -0.5773502691896258, -0.5773502691896258, 1.0, 0.5773502691896258, 0.5773502691896258, -0.5773502691896258, 1.0, -0.5773502691896258, 0.5773502691896258, -0.5773502691896258, 1.0, -0.5773502691896258, -0.5773502691896258, 0.5773502691896258, 1.0, 0.5773502691896258, -0.5773502691896258, 0.5773502691896258, 1.0, 0.5773502691896258, 0.5773502691896258, 0.5773502691896258, 1.0, -0.5773502691896258, 0.5773502691896258, 0.5773502691896258, 1.0
